141
188
348
84
58
360
44
226
174
555
278
28
419
635
21
602
422
616
0
300
127
402
36
509
269
321
231
234
305
95
448
197
461
232
359
436
224
107
297
11
351
324
277
489
54
557
621
531
476
538
432
562
14
578
605
83
532
329
38
388
568
378
32
533
439
9
273
397
377
158
7
460
78
219
230
534
491
558
19
482
45
571
168
233
66
331
431
152
238
136
166
525
339
314
159
64
617
363
81
592
628
317
106
258
566
574
65
86
257
357
405
307
24
210
167
272
523
382
389
403
172
547
520
105
618
629
114
428
556
587
17
333
475
614
442
625
301
87
217
244
262
304
352
252
430
529
1
60
18
74
505
553
404
236
381
76
373
179
473
589
190
582
456
573
320
47
267
593
453
85
281
202
318
385
138
71
507
417
30
151
408
546
112
604
418
369
490
406
466
463
527
349
157
549
68
156
336
454
222
554
212
356
37
94
634
34
126
434
129
265
575
229
457
161
123
335
346
477
2
26
433
120
500
8
484
544
638
413
125
124
590
396
280
516
399
560
325
637
447
208
530
485
251
15
275
524
474
483
640
569
480
572
467
452
91
135
425
178
308
48
412
446
73
128
502
528
624
464
488
613
274
291
393
245
416
13
31
315
49
565
426
51
53
90
41
537
623
449
237
358
526
588
108
551
326
375
514
63
579
248
289
469
298
176
341
183
429
581
444
626
313
492
69
97
119
164
299
478
612
191
249
599
493
595
642
627
196
561
410
394
392
115
472
611
459
290
148
144
494
260
131
209
294
39
486
519
309
16
241
75
310
365
415
506
521
643
46
376
137
215
550
344
82
235
435
512
372
342
169
27
163
479
411
150
540
608
424
327
386
443
345
288
619
384
88
542
610
254
495
162
641
286
332
194
451
577
111
367
284
154
104
508
99
20
155
296
33
186
72
606
465
370
330
10
347
328
591
513
198
109
583
586
468
